-50.000000 4450.000000
-49.000000 4361.000000
-48.000000 4272.000000
-47.000000 4183.000000
-46.000000 4094.000000
-45.000000 4005.000000
-44.000000 3916.000000
-43.000000 3827.000000
-42.000000 3738.000000
-41.000000 3649.000000
-40.000000 3560.000000
-39.000000 3471.000000
-38.000000 3382.000000
-37.000000 3293.000000
-36.000000 3204.000000
-35.000000 3115.000000
-34.000000 3026.000000
-33.000000 2937.000000
-32.000000 2848.000000
-31.000000 2759.000000
-30.000000 2670.000000
-29.000000 2581.000000
-28.000000 2492.000000
-27.000000 2403.000000
-26.000000 2314.000000
-25.000000 2225.000000
-24.000000 2136.000000
-23.000000 2047.000000
-22.000000 1958.000000
-21.000000 1869.000000
-20.000000 1780.000000
-19.000000 1691.000000
-18.000000 1602.000000
-17.000000 1513.000000
-16.000000 1424.000000
-15.000000 1335.000000
-14.000000 1246.000000
-13.000000 1157.000000
-12.000000 1068.000000
-11.000000 979.000000
-10.000000 890.000000
-9.000000 801.000000
-8.000000 712.000000
-7.000000 623.000000
-6.000000 534.000000
-5.000000 445.000000
-4.000000 356.000000
-3.000000 267.000000
-2.000000 178.000000
-1.000000 89.000000
0.000000 0.000000
1.000000 -89.000000
2.000000 -178.000000
3.000000 -267.000000
4.000000 -356.000000
5.000000 -445.000000
6.000000 -534.000000
7.000000 -623.000000
8.000000 -712.000000
9.000000 -801.000000
10.000000 -890.000000
11.000000 -979.000000
12.000000 -1068.000000
13.000000 -1157.000000
14.000000 -1246.000000
15.000000 -1335.000000
16.000000 -1424.000000
17.000000 -1513.000000
18.000000 -1602.000000
19.000000 -1691.000000
20.000000 -1780.000000
21.000000 -1869.000000
22.000000 -1958.000000
23.000000 -2047.000000
24.000000 -2136.000000
25.000000 -2225.000000
26.000000 -2314.000000
27.000000 -2403.000000
28.000000 -2492.000000
29.000000 -2581.000000
30.000000 -2670.000000
31.000000 -2759.000000
32.000000 -2848.000000
33.000000 -2937.000000
34.000000 -3026.000000
35.000000 -3115.000000
36.000000 -3204.000000
37.000000 -3293.000000
38.000000 -3382.000000
39.000000 -3471.000000
40.000000 -3560.000000
41.000000 -3649.000000
42.000000 -3738.000000
43.000000 -3827.000000
44.000000 -3916.000000
45.000000 -4005.000000
46.000000 -4094.000000
47.000000 -4183.000000
48.000000 -4272.000000
49.000000 -4361.000000

-50.000000 3950.000000
-49.000000 3871.000000
-48.000000 3792.000000
-47.000000 3713.000000
-46.000000 3634.000000
-45.000000 3555.000000
-44.000000 3476.000000
-43.000000 3397.000000
-42.000000 3318.000000
-41.000000 3239.000000
-40.000000 3160.000000
-39.000000 3081.000000
-38.000000 3002.000000
-37.000000 2923.000000
-36.000000 2844.000000
-35.000000 2765.000000
-34.000000 2686.000000
-33.000000 2607.000000
-32.000000 2528.000000
-31.000000 2449.000000
-30.000000 2370.000000
-29.000000 2291.000000
-28.000000 2212.000000
-27.000000 2133.000000
-26.000000 2054.000000
-25.000000 1975.000000
-24.000000 1896.000000
-23.000000 1817.000000
-22.000000 1738.000000
-21.000000 1659.000000
-20.000000 1580.000000
-19.000000 1501.000000
-18.000000 1422.000000
-17.000000 1343.000000
-16.000000 1264.000000
-15.000000 1185.000000
-14.000000 1106.000000
-13.000000 1027.000000
-12.000000 948.000000
-11.000000 869.000000
-10.000000 790.000000
-9.000000 711.000000
-8.000000 632.000000
-7.000000 553.000000
-6.000000 474.000000
-5.000000 395.000000
-4.000000 316.000000
-3.000000 237.000000
-2.000000 158.000000
-1.000000 79.000000
0.000000 0.000000
1.000000 -79.000000
2.000000 -158.000000
3.000000 -237.000000
4.000000 -316.000000
5.000000 -395.000000
6.000000 -474.000000
7.000000 -553.000000
8.000000 -632.000000
9.000000 -711.000000
10.000000 -790.000000
11.000000 -869.000000
12.000000 -948.000000
13.000000 -1027.000000
14.000000 -1106.000000
15.000000 -1185.000000
16.000000 -1264.000000
17.000000 -1343.000000
18.000000 -1422.000000
19.000000 -1501.000000
20.000000 -1580.000000
21.000000 -1659.000000
22.000000 -1738.000000
23.000000 -1817.000000
24.000000 -1896.000000
25.000000 -1975.000000
26.000000 -2054.000000
27.000000 -2133.000000
28.000000 -2212.000000
29.000000 -2291.000000
30.000000 -2370.000000
31.000000 -2449.000000
32.000000 -2528.000000
33.000000 -2607.000000
34.000000 -2686.000000
35.000000 -2765.000000
36.000000 -2844.000000
37.000000 -2923.000000
38.000000 -3002.000000
39.000000 -3081.000000
40.000000 -3160.000000
41.000000 -3239.000000
42.000000 -3318.000000
43.000000 -3397.000000
44.000000 -3476.000000
45.000000 -3555.000000
46.000000 -3634.000000
47.000000 -3713.000000
48.000000 -3792.000000
49.000000 -3871.000000

-50.000000 3450.000000
-49.000000 3381.000000
-48.000000 3312.000000
-47.000000 3243.000000
-46.000000 3174.000000
-45.000000 3105.000000
-44.000000 3036.000000
-43.000000 2967.000000
-42.000000 2898.000000
-41.000000 2829.000000
-40.000000 2760.000000
-39.000000 2691.000000
-38.000000 2622.000000
-37.000000 2553.000000
-36.000000 2484.000000
-35.000000 2415.000000
-34.000000 2346.000000
-33.000000 2277.000000
-32.000000 2208.000000
-31.000000 2139.000000
-30.000000 2070.000000
-29.000000 2001.000000
-28.000000 1932.000000
-27.000000 1863.000000
-26.000000 1794.000000
-25.000000 1725.000000
-24.000000 1656.000000
-23.000000 1587.000000
-22.000000 1518.000000
-21.000000 1449.000000
-20.000000 1380.000000
-19.000000 1311.000000
-18.000000 1242.000000
-17.000000 1173.000000
-16.000000 1104.000000
-15.000000 1035.000000
-14.000000 966.000000
-13.000000 897.000000
-12.000000 828.000000
-11.000000 759.000000
-10.000000 690.000000
-9.000000 621.000000
-8.000000 552.000000
-7.000000 483.000000
-6.000000 414.000000
-5.000000 345.000000
-4.000000 276.000000
-3.000000 207.000000
-2.000000 138.000000
-1.000000 69.000000
0.000000 0.000000
1.000000 -69.000000
2.000000 -138.000000
3.000000 -207.000000
4.000000 -276.000000
5.000000 -345.000000
6.000000 -414.000000
7.000000 -483.000000
8.000000 -552.000000
9.000000 -621.000000
10.000000 -690.000000
11.000000 -759.000000
12.000000 -828.000000
13.000000 -897.000000
14.000000 -966.000000
15.000000 -1035.000000
16.000000 -1104.000000
17.000000 -1173.000000
18.000000 -1242.000000
19.000000 -1311.000000
20.000000 -1380.000000
21.000000 -1449.000000
22.000000 -1518.000000
23.000000 -1587.000000
24.000000 -1656.000000
25.000000 -1725.000000
26.000000 -1794.000000
27.000000 -1863.000000
28.000000 -1932.000000
29.000000 -2001.000000
30.000000 -2070.000000
31.000000 -2139.000000
32.000000 -2208.000000
33.000000 -2277.000000
34.000000 -2346.000000
35.000000 -2415.000000
36.000000 -2484.000000
37.000000 -2553.000000
38.000000 -2622.000000
39.000000 -2691.000000
40.000000 -2760.000000
41.000000 -2829.000000
42.000000 -2898.000000
43.000000 -2967.000000
44.000000 -3036.000000
45.000000 -3105.000000
46.000000 -3174.000000
47.000000 -3243.000000
48.000000 -3312.000000
49.000000 -3381.000000

-50.000000 2950.000000
-49.000000 2891.000000
-48.000000 2832.000000
-47.000000 2773.000000
-46.000000 2714.000000
-45.000000 2655.000000
-44.000000 2596.000000
-43.000000 2537.000000
-42.000000 2478.000000
-41.000000 2419.000000
-40.000000 2360.000000
-39.000000 2301.000000
-38.000000 2242.000000
-37.000000 2183.000000
-36.000000 2124.000000
-35.000000 2065.000000
-34.000000 2006.000000
-33.000000 1947.000000
-32.000000 1888.000000
-31.000000 1829.000000
-30.000000 1770.000000
-29.000000 1711.000000
-28.000000 1652.000000
-27.000000 1593.000000
-26.000000 1534.000000
-25.000000 1475.000000
-24.000000 1416.000000
-23.000000 1357.000000
-22.000000 1298.000000
-21.000000 1239.000000
-20.000000 1180.000000
-19.000000 1121.000000
-18.000000 1062.000000
-17.000000 1003.000000
-16.000000 944.000000
-15.000000 885.000000
-14.000000 826.000000
-13.000000 767.000000
-12.000000 708.000000
-11.000000 649.000000
-10.000000 590.000000
-9.000000 531.000000
-8.000000 472.000000
-7.000000 413.000000
-6.000000 354.000000
-5.000000 295.000000
-4.000000 236.000000
-3.000000 177.000000
-2.000000 118.000000
-1.000000 59.000000
0.000000 0.000000
1.000000 -59.000000
2.000000 -118.000000
3.000000 -177.000000
4.000000 -236.000000
5.000000 -295.000000
6.000000 -354.000000
7.000000 -413.000000
8.000000 -472.000000
9.000000 -531.000000
10.000000 -590.000000
11.000000 -649.000000
12.000000 -708.000000
13.000000 -767.000000
14.000000 -826.000000
15.000000 -885.000000
16.000000 -944.000000
17.000000 -1003.000000
18.000000 -1062.000000
19.000000 -1121.000000
20.000000 -1180.000000
21.000000 -1239.000000
22.000000 -1298.000000
23.000000 -1357.000000
24.000000 -1416.000000
25.000000 -1475.000000
26.000000 -1534.000000
27.000000 -1593.000000
28.000000 -1652.000000
29.000000 -1711.000000
30.000000 -1770.000000
31.000000 -1829.000000
32.000000 -1888.000000
33.000000 -1947.000000
34.000000 -2006.000000
35.000000 -2065.000000
36.000000 -2124.000000
37.000000 -2183.000000
38.000000 -2242.000000
39.000000 -2301.000000
40.000000 -2360.000000
41.000000 -2419.000000
42.000000 -2478.000000
43.000000 -2537.000000
44.000000 -2596.000000
45.000000 -2655.000000
46.000000 -2714.000000
47.000000 -2773.000000
48.000000 -2832.000000
49.000000 -2891.000000

-50.000000 2450.000000
-49.000000 2401.000000
-48.000000 2352.000000
-47.000000 2303.000000
-46.000000 2254.000000
-45.000000 2205.000000
-44.000000 2156.000000
-43.000000 2107.000000
-42.000000 2058.000000
-41.000000 2009.000000
-40.000000 1960.000000
-39.000000 1911.000000
-38.000000 1862.000000
-37.000000 1813.000000
-36.000000 1764.000000
-35.000000 1715.000000
-34.000000 1666.000000
-33.000000 1617.000000
-32.000000 1568.000000
-31.000000 1519.000000
-30.000000 1470.000000
-29.000000 1421.000000
-28.000000 1372.000000
-27.000000 1323.000000
-26.000000 1274.000000
-25.000000 1225.000000
-24.000000 1176.000000
-23.000000 1127.000000
-22.000000 1078.000000
-21.000000 1029.000000
-20.000000 980.000000
-19.000000 931.000000
-18.000000 882.000000
-17.000000 833.000000
-16.000000 784.000000
-15.000000 735.000000
-14.000000 686.000000
-13.000000 637.000000
-12.000000 588.000000
-11.000000 539.000000
-10.000000 490.000000
-9.000000 441.000000
-8.000000 392.000000
-7.000000 343.000000
-6.000000 294.000000
-5.000000 245.000000
-4.000000 196.000000
-3.000000 147.000000
-2.000000 98.000000
-1.000000 49.000000
0.000000 0.000000
1.000000 -49.000000
2.000000 -98.000000
3.000000 -147.000000
4.000000 -196.000000
5.000000 -245.000000
6.000000 -294.000000
7.000000 -343.000000
8.000000 -392.000000
9.000000 -441.000000
10.000000 -490.000000
11.000000 -539.000000
12.000000 -588.000000
13.000000 -637.000000
14.000000 -686.000000
15.000000 -735.000000
16.000000 -784.000000
17.000000 -833.000000
18.000000 -882.000000
19.000000 -931.000000
20.000000 -980.000000
21.000000 -1029.000000
22.000000 -1078.000000
23.000000 -1127.000000
24.000000 -1176.000000
25.000000 -1225.000000
26.000000 -1274.000000
27.000000 -1323.000000
28.000000 -1372.000000
29.000000 -1421.000000
30.000000 -1470.000000
31.000000 -1519.000000
32.000000 -1568.000000
33.000000 -1617.000000
34.000000 -1666.000000
35.000000 -1715.000000
36.000000 -1764.000000
37.000000 -1813.000000
38.000000 -1862.000000
39.000000 -1911.000000
40.000000 -1960.000000
41.000000 -2009.000000
42.000000 -2058.000000
43.000000 -2107.000000
44.000000 -2156.000000
45.000000 -2205.000000
46.000000 -2254.000000
47.000000 -2303.000000
48.000000 -2352.000000
49.000000 -2401.000000

-50.000000 1950.000000
-49.000000 1911.000000
-48.000000 1872.000000
-47.000000 1833.000000
-46.000000 1794.000000
-45.000000 1755.000000
-44.000000 1716.000000
-43.000000 1677.000000
-42.000000 1638.000000
-41.000000 1599.000000
-40.000000 1560.000000
-39.000000 1521.000000
-38.000000 1482.000000
-37.000000 1443.000000
-36.000000 1404.000000
-35.000000 1365.000000
-34.000000 1326.000000
-33.000000 1287.000000
-32.000000 1248.000000
-31.000000 1209.000000
-30.000000 1170.000000
-29.000000 1131.000000
-28.000000 1092.000000
-27.000000 1053.000000
-26.000000 1014.000000
-25.000000 975.000000
-24.000000 936.000000
-23.000000 897.000000
-22.000000 858.000000
-21.000000 819.000000
-20.000000 780.000000
-19.000000 741.000000
-18.000000 702.000000
-17.000000 663.000000
-16.000000 624.000000
-15.000000 585.000000
-14.000000 546.000000
-13.000000 507.000000
-12.000000 468.000000
-11.000000 429.000000
-10.000000 390.000000
-9.000000 351.000000
-8.000000 312.000000
-7.000000 273.000000
-6.000000 234.000000
-5.000000 195.000000
-4.000000 156.000000
-3.000000 117.000000
-2.000000 78.000000
-1.000000 39.000000
0.000000 0.000000
1.000000 -39.000000
2.000000 -78.000000
3.000000 -117.000000
4.000000 -156.000000
5.000000 -195.000000
6.000000 -234.000000
7.000000 -273.000000
8.000000 -312.000000
9.000000 -351.000000
10.000000 -390.000000
11.000000 -429.000000
12.000000 -468.000000
13.000000 -507.000000
14.000000 -546.000000
15.000000 -585.000000
16.000000 -624.000000
17.000000 -663.000000
18.000000 -702.000000
19.000000 -741.000000
20.000000 -780.000000
21.000000 -819.000000
22.000000 -858.000000
23.000000 -897.000000
24.000000 -936.000000
25.000000 -975.000000
26.000000 -1014.000000
27.000000 -1053.000000
28.000000 -1092.000000
29.000000 -1131.000000
30.000000 -1170.000000
31.000000 -1209.000000
32.000000 -1248.000000
33.000000 -1287.000000
34.000000 -1326.000000
35.000000 -1365.000000
36.000000 -1404.000000
37.000000 -1443.000000
38.000000 -1482.000000
39.000000 -1521.000000
40.000000 -1560.000000
41.000000 -1599.000000
42.000000 -1638.000000
43.000000 -1677.000000
44.000000 -1716.000000
45.000000 -1755.000000
46.000000 -1794.000000
47.000000 -1833.000000
48.000000 -1872.000000
49.000000 -1911.000000

-50.000000 1450.000000
-49.000000 1421.000000
-48.000000 1392.000000
-47.000000 1363.000000
-46.000000 1334.000000
-45.000000 1305.000000
-44.000000 1276.000000
-43.000000 1247.000000
-42.000000 1218.000000
-41.000000 1189.000000
-40.000000 1160.000000
-39.000000 1131.000000
-38.000000 1102.000000
-37.000000 1073.000000
-36.000000 1044.000000
-35.000000 1015.000000
-34.000000 986.000000
-33.000000 957.000000
-32.000000 928.000000
-31.000000 899.000000
-30.000000 870.000000
-29.000000 841.000000
-28.000000 812.000000
-27.000000 783.000000
-26.000000 754.000000
-25.000000 725.000000
-24.000000 696.000000
-23.000000 667.000000
-22.000000 638.000000
-21.000000 609.000000
-20.000000 580.000000
-19.000000 551.000000
-18.000000 522.000000
-17.000000 493.000000
-16.000000 464.000000
-15.000000 435.000000
-14.000000 406.000000
-13.000000 377.000000
-12.000000 348.000000
-11.000000 319.000000
-10.000000 290.000000
-9.000000 261.000000
-8.000000 232.000000
-7.000000 203.000000
-6.000000 174.000000
-5.000000 145.000000
-4.000000 116.000000
-3.000000 87.000000
-2.000000 58.000000
-1.000000 29.000000
0.000000 0.000000
1.000000 -29.000000
2.000000 -58.000000
3.000000 -87.000000
4.000000 -116.000000
5.000000 -145.000000
6.000000 -174.000000
7.000000 -203.000000
8.000000 -232.000000
9.000000 -261.000000
10.000000 -290.000000
11.000000 -319.000000
12.000000 -348.000000
13.000000 -377.000000
14.000000 -406.000000
15.000000 -435.000000
16.000000 -464.000000
17.000000 -493.000000
18.000000 -522.000000
19.000000 -551.000000
20.000000 -580.000000
21.000000 -609.000000
22.000000 -638.000000
23.000000 -667.000000
24.000000 -696.000000
25.000000 -725.000000
26.000000 -754.000000
27.000000 -783.000000
28.000000 -812.000000
29.000000 -841.000000
30.000000 -870.000000
31.000000 -899.000000
32.000000 -928.000000
33.000000 -957.000000
34.000000 -986.000000
35.000000 -1015.000000
36.000000 -1044.000000
37.000000 -1073.000000
38.000000 -1102.000000
39.000000 -1131.000000
40.000000 -1160.000000
41.000000 -1189.000000
42.000000 -1218.000000
43.000000 -1247.000000
44.000000 -1276.000000
45.000000 -1305.000000
46.000000 -1334.000000
47.000000 -1363.000000
48.000000 -1392.000000
49.000000 -1421.000000

-50.000000 950.000000
-49.000000 931.000000
-48.000000 912.000000
-47.000000 893.000000
-46.000000 874.000000
-45.000000 855.000000
-44.000000 836.000000
-43.000000 817.000000
-42.000000 798.000000
-41.000000 779.000000
-40.000000 760.000000
-39.000000 741.000000
-38.000000 722.000000
-37.000000 703.000000
-36.000000 684.000000
-35.000000 665.000000
-34.000000 646.000000
-33.000000 627.000000
-32.000000 608.000000
-31.000000 589.000000
-30.000000 570.000000
-29.000000 551.000000
-28.000000 532.000000
-27.000000 513.000000
-26.000000 494.000000
-25.000000 475.000000
-24.000000 456.000000
-23.000000 437.000000
-22.000000 418.000000
-21.000000 399.000000
-20.000000 380.000000
-19.000000 361.000000
-18.000000 342.000000
-17.000000 323.000000
-16.000000 304.000000
-15.000000 285.000000
-14.000000 266.000000
-13.000000 247.000000
-12.000000 228.000000
-11.000000 209.000000
-10.000000 190.000000
-9.000000 171.000000
-8.000000 152.000000
-7.000000 133.000000
-6.000000 114.000000
-5.000000 95.000000
-4.000000 76.000000
-3.000000 57.000000
-2.000000 38.000000
-1.000000 19.000000
0.000000 0.000000
1.000000 -19.000000
2.000000 -38.000000
3.000000 -57.000000
4.000000 -76.000000
5.000000 -95.000000
6.000000 -114.000000
7.000000 -133.000000
8.000000 -152.000000
9.000000 -171.000000
10.000000 -190.000000
11.000000 -209.000000
12.000000 -228.000000
13.000000 -247.000000
14.000000 -266.000000
15.000000 -285.000000
16.000000 -304.000000
17.000000 -323.000000
18.000000 -342.000000
19.000000 -361.000000
20.000000 -380.000000
21.000000 -399.000000
22.000000 -418.000000
23.000000 -437.000000
24.000000 -456.000000
25.000000 -475.000000
26.000000 -494.000000
27.000000 -513.000000
28.000000 -532.000000
29.000000 -551.000000
30.000000 -570.000000
31.000000 -589.000000
32.000000 -608.000000
33.000000 -627.000000
34.000000 -646.000000
35.000000 -665.000000
36.000000 -684.000000
37.000000 -703.000000
38.000000 -722.000000
39.000000 -741.000000
40.000000 -760.000000
41.000000 -779.000000
42.000000 -798.000000
43.000000 -817.000000
44.000000 -836.000000
45.000000 -855.000000
46.000000 -874.000000
47.000000 -893.000000
48.000000 -912.000000
49.000000 -931.000000

-50.000000 450.000000
-49.000000 441.000000
-48.000000 432.000000
-47.000000 423.000000
-46.000000 414.000000
-45.000000 405.000000
-44.000000 396.000000
-43.000000 387.000000
-42.000000 378.000000
-41.000000 369.000000
-40.000000 360.000000
-39.000000 351.000000
-38.000000 342.000000
-37.000000 333.000000
-36.000000 324.000000
-35.000000 315.000000
-34.000000 306.000000
-33.000000 297.000000
-32.000000 288.000000
-31.000000 279.000000
-30.000000 270.000000
-29.000000 261.000000
-28.000000 252.000000
-27.000000 243.000000
-26.000000 234.000000
-25.000000 225.000000
-24.000000 216.000000
-23.000000 207.000000
-22.000000 198.000000
-21.000000 189.000000
-20.000000 180.000000
-19.000000 171.000000
-18.000000 162.000000
-17.000000 153.000000
-16.000000 144.000000
-15.000000 135.000000
-14.000000 126.000000
-13.000000 117.000000
-12.000000 108.000000
-11.000000 99.000000
-10.000000 90.000000
-9.000000 81.000000
-8.000000 72.000000
-7.000000 63.000000
-6.000000 54.000000
-5.000000 45.000000
-4.000000 36.000000
-3.000000 27.000000
-2.000000 18.000000
-1.000000 9.000000
0.000000 0.000000
1.000000 -9.000000
2.000000 -18.000000
3.000000 -27.000000
4.000000 -36.000000
5.000000 -45.000000
6.000000 -54.000000
7.000000 -63.000000
8.000000 -72.000000
9.000000 -81.000000
10.000000 -90.000000
11.000000 -99.000000
12.000000 -108.000000
13.000000 -117.000000
14.000000 -126.000000
15.000000 -135.000000
16.000000 -144.000000
17.000000 -153.000000
18.000000 -162.000000
19.000000 -171.000000
20.000000 -180.000000
21.000000 -189.000000
22.000000 -198.000000
23.000000 -207.000000
24.000000 -216.000000
25.000000 -225.000000
26.000000 -234.000000
27.000000 -243.000000
28.000000 -252.000000
29.000000 -261.000000
30.000000 -270.000000
31.000000 -279.000000
32.000000 -288.000000
33.000000 -297.000000
34.000000 -306.000000
35.000000 -315.000000
36.000000 -324.000000
37.000000 -333.000000
38.000000 -342.000000
39.000000 -351.000000
40.000000 -360.000000
41.000000 -369.000000
42.000000 -378.000000
43.000000 -387.000000
44.000000 -396.000000
45.000000 -405.000000
46.000000 -414.000000
47.000000 -423.000000
48.000000 -432.000000
49.000000 -441.000000

-50.000000 -50.000000
-49.000000 -49.000000
-48.000000 -48.000000
-47.000000 -47.000000
-46.000000 -46.000000
-45.000000 -45.000000
-44.000000 -44.000000
-43.000000 -43.000000
-42.000000 -42.000000
-41.000000 -41.000000
-40.000000 -40.000000
-39.000000 -39.000000
-38.000000 -38.000000
-37.000000 -37.000000
-36.000000 -36.000000
-35.000000 -35.000000
-34.000000 -34.000000
-33.000000 -33.000000
-32.000000 -32.000000
-31.000000 -31.000000
-30.000000 -30.000000
-29.000000 -29.000000
-28.000000 -28.000000
-27.000000 -27.000000
-26.000000 -26.000000
-25.000000 -25.000000
-24.000000 -24.000000
-23.000000 -23.000000
-22.000000 -22.000000
-21.000000 -21.000000
-20.000000 -20.000000
-19.000000 -19.000000
-18.000000 -18.000000
-17.000000 -17.000000
-16.000000 -16.000000
-15.000000 -15.000000
-14.000000 -14.000000
-13.000000 -13.000000
-12.000000 -12.000000
-11.000000 -11.000000
-10.000000 -10.000000
-9.000000 -9.000000
-8.000000 -8.000000
-7.000000 -7.000000
-6.000000 -6.000000
-5.000000 -5.000000
-4.000000 -4.000000
-3.000000 -3.000000
-2.000000 -2.000000
-1.000000 -1.000000
0.000000 0.000000
1.000000 1.000000
2.000000 2.000000
3.000000 3.000000
4.000000 4.000000
5.000000 5.000000
6.000000 6.000000
7.000000 7.000000
8.000000 8.000000
9.000000 9.000000
10.000000 10.000000
11.000000 11.000000
12.000000 12.000000
13.000000 13.000000
14.000000 14.000000
15.000000 15.000000
16.000000 16.000000
17.000000 17.000000
18.000000 18.000000
19.000000 19.000000
20.000000 20.000000
21.000000 21.000000
22.000000 22.000000
23.000000 23.000000
24.000000 24.000000
25.000000 25.000000
26.000000 26.000000
27.000000 27.000000
28.000000 28.000000
29.000000 29.000000
30.000000 30.000000
31.000000 31.000000
32.000000 32.000000
33.000000 33.000000
34.000000 34.000000
35.000000 35.000000
36.000000 36.000000
37.000000 37.000000
38.000000 38.000000
39.000000 39.000000
40.000000 40.000000
41.000000 41.000000
42.000000 42.000000
43.000000 43.000000
44.000000 44.000000
45.000000 45.000000
46.000000 46.000000
47.000000 47.000000
48.000000 48.000000
49.000000 49.000000

-50.000000 -550.000000
-49.000000 -539.000000
-48.000000 -528.000000
-47.000000 -517.000000
-46.000000 -506.000000
-45.000000 -495.000000
-44.000000 -484.000000
-43.000000 -473.000000
-42.000000 -462.000000
-41.000000 -451.000000
-40.000000 -440.000000
-39.000000 -429.000000
-38.000000 -418.000000
-37.000000 -407.000000
-36.000000 -396.000000
-35.000000 -385.000000
-34.000000 -374.000000
-33.000000 -363.000000
-32.000000 -352.000000
-31.000000 -341.000000
-30.000000 -330.000000
-29.000000 -319.000000
-28.000000 -308.000000
-27.000000 -297.000000
-26.000000 -286.000000
-25.000000 -275.000000
-24.000000 -264.000000
-23.000000 -253.000000
-22.000000 -242.000000
-21.000000 -231.000000
-20.000000 -220.000000
-19.000000 -209.000000
-18.000000 -198.000000
-17.000000 -187.000000
-16.000000 -176.000000
-15.000000 -165.000000
-14.000000 -154.000000
-13.000000 -143.000000
-12.000000 -132.000000
-11.000000 -121.000000
-10.000000 -110.000000
-9.000000 -99.000000
-8.000000 -88.000000
-7.000000 -77.000000
-6.000000 -66.000000
-5.000000 -55.000000
-4.000000 -44.000000
-3.000000 -33.000000
-2.000000 -22.000000
-1.000000 -11.000000
0.000000 0.000000
1.000000 11.000000
2.000000 22.000000
3.000000 33.000000
4.000000 44.000000
5.000000 55.000000
6.000000 66.000000
7.000000 77.000000
8.000000 88.000000
9.000000 99.000000
10.000000 110.000000
11.000000 121.000000
12.000000 132.000000
13.000000 143.000000
14.000000 154.000000
15.000000 165.000000
16.000000 176.000000
17.000000 187.000000
18.000000 198.000000
19.000000 209.000000
20.000000 220.000000
21.000000 231.000000
22.000000 242.000000
23.000000 253.000000
24.000000 264.000000
25.000000 275.000000
26.000000 286.000000
27.000000 297.000000
28.000000 308.000000
29.000000 319.000000
30.000000 330.000000
31.000000 341.000000
32.000000 352.000000
33.000000 363.000000
34.000000 374.000000
35.000000 385.000000
36.000000 396.000000
37.000000 407.000000
38.000000 418.000000
39.000000 429.000000
40.000000 440.000000
41.000000 451.000000
42.000000 462.000000
43.000000 473.000000
44.000000 484.000000
45.000000 495.000000
46.000000 506.000000
47.000000 517.000000
48.000000 528.000000
49.000000 539.000000

-50.000000 -1050.000000
-49.000000 -1029.000000
-48.000000 -1008.000000
-47.000000 -987.000000
-46.000000 -966.000000
-45.000000 -945.000000
-44.000000 -924.000000
-43.000000 -903.000000
-42.000000 -882.000000
-41.000000 -861.000000
-40.000000 -840.000000
-39.000000 -819.000000
-38.000000 -798.000000
-37.000000 -777.000000
-36.000000 -756.000000
-35.000000 -735.000000
-34.000000 -714.000000
-33.000000 -693.000000
-32.000000 -672.000000
-31.000000 -651.000000
-30.000000 -630.000000
-29.000000 -609.000000
-28.000000 -588.000000
-27.000000 -567.000000
-26.000000 -546.000000
-25.000000 -525.000000
-24.000000 -504.000000
-23.000000 -483.000000
-22.000000 -462.000000
-21.000000 -441.000000
-20.000000 -420.000000
-19.000000 -399.000000
-18.000000 -378.000000
-17.000000 -357.000000
-16.000000 -336.000000
-15.000000 -315.000000
-14.000000 -294.000000
-13.000000 -273.000000
-12.000000 -252.000000
-11.000000 -231.000000
-10.000000 -210.000000
-9.000000 -189.000000
-8.000000 -168.000000
-7.000000 -147.000000
-6.000000 -126.000000
-5.000000 -105.000000
-4.000000 -84.000000
-3.000000 -63.000000
-2.000000 -42.000000
-1.000000 -21.000000
0.000000 0.000000
1.000000 21.000000
2.000000 42.000000
3.000000 63.000000
4.000000 84.000000
5.000000 105.000000
6.000000 126.000000
7.000000 147.000000
8.000000 168.000000
9.000000 189.000000
10.000000 210.000000
11.000000 231.000000
12.000000 252.000000
13.000000 273.000000
14.000000 294.000000
15.000000 315.000000
16.000000 336.000000
17.000000 357.000000
18.000000 378.000000
19.000000 399.000000
20.000000 420.000000
21.000000 441.000000
22.000000 462.000000
23.000000 483.000000
24.000000 504.000000
25.000000 525.000000
26.000000 546.000000
27.000000 567.000000
28.000000 588.000000
29.000000 609.000000
30.000000 630.000000
31.000000 651.000000
32.000000 672.000000
33.000000 693.000000
34.000000 714.000000
35.000000 735.000000
36.000000 756.000000
37.000000 777.000000
38.000000 798.000000
39.000000 819.000000
40.000000 840.000000
41.000000 861.000000
42.000000 882.000000
43.000000 903.000000
44.000000 924.000000
45.000000 945.000000
46.000000 966.000000
47.000000 987.000000
48.000000 1008.000000
49.000000 1029.000000

-50.000000 -1550.000000
-49.000000 -1519.000000
-48.000000 -1488.000000
-47.000000 -1457.000000
-46.000000 -1426.000000
-45.000000 -1395.000000
-44.000000 -1364.000000
-43.000000 -1333.000000
-42.000000 -1302.000000
-41.000000 -1271.000000
-40.000000 -1240.000000
-39.000000 -1209.000000
-38.000000 -1178.000000
-37.000000 -1147.000000
-36.000000 -1116.000000
-35.000000 -1085.000000
-34.000000 -1054.000000
-33.000000 -1023.000000
-32.000000 -992.000000
-31.000000 -961.000000
-30.000000 -930.000000
-29.000000 -899.000000
-28.000000 -868.000000
-27.000000 -837.000000
-26.000000 -806.000000
-25.000000 -775.000000
-24.000000 -744.000000
-23.000000 -713.000000
-22.000000 -682.000000
-21.000000 -651.000000
-20.000000 -620.000000
-19.000000 -589.000000
-18.000000 -558.000000
-17.000000 -527.000000
-16.000000 -496.000000
-15.000000 -465.000000
-14.000000 -434.000000
-13.000000 -403.000000
-12.000000 -372.000000
-11.000000 -341.000000
-10.000000 -310.000000
-9.000000 -279.000000
-8.000000 -248.000000
-7.000000 -217.000000
-6.000000 -186.000000
-5.000000 -155.000000
-4.000000 -124.000000
-3.000000 -93.000000
-2.000000 -62.000000
-1.000000 -31.000000
0.000000 0.000000
1.000000 31.000000
2.000000 62.000000
3.000000 93.000000
4.000000 124.000000
5.000000 155.000000
6.000000 186.000000
7.000000 217.000000
8.000000 248.000000
9.000000 279.000000
10.000000 310.000000
11.000000 341.000000
12.000000 372.000000
13.000000 403.000000
14.000000 434.000000
15.000000 465.000000
16.000000 496.000000
17.000000 527.000000
18.000000 558.000000
19.000000 589.000000
20.000000 620.000000
21.000000 651.000000
22.000000 682.000000
23.000000 713.000000
24.000000 744.000000
25.000000 775.000000
26.000000 806.000000
27.000000 837.000000
28.000000 868.000000
29.000000 899.000000
30.000000 930.000000
31.000000 961.000000
32.000000 992.000000
33.000000 1023.000000
34.000000 1054.000000
35.000000 1085.000000
36.000000 1116.000000
37.000000 1147.000000
38.000000 1178.000000
39.000000 1209.000000
40.000000 1240.000000
41.000000 1271.000000
42.000000 1302.000000
43.000000 1333.000000
44.000000 1364.000000
45.000000 1395.000000
46.000000 1426.000000
47.000000 1457.000000
48.000000 1488.000000
49.000000 1519.000000

-50.000000 -2050.000000
-49.000000 -2009.000000
-48.000000 -1968.000000
-47.000000 -1927.000000
-46.000000 -1886.000000
-45.000000 -1845.000000
-44.000000 -1804.000000
-43.000000 -1763.000000
-42.000000 -1722.000000
-41.000000 -1681.000000
-40.000000 -1640.000000
-39.000000 -1599.000000
-38.000000 -1558.000000
-37.000000 -1517.000000
-36.000000 -1476.000000
-35.000000 -1435.000000
-34.000000 -1394.000000
-33.000000 -1353.000000
-32.000000 -1312.000000
-31.000000 -1271.000000
-30.000000 -1230.000000
-29.000000 -1189.000000
-28.000000 -1148.000000
-27.000000 -1107.000000
-26.000000 -1066.000000
-25.000000 -1025.000000
-24.000000 -984.000000
-23.000000 -943.000000
-22.000000 -902.000000
-21.000000 -861.000000
-20.000000 -820.000000
-19.000000 -779.000000
-18.000000 -738.000000
-17.000000 -697.000000
-16.000000 -656.000000
-15.000000 -615.000000
-14.000000 -574.000000
-13.000000 -533.000000
-12.000000 -492.000000
-11.000000 -451.000000
-10.000000 -410.000000
-9.000000 -369.000000
-8.000000 -328.000000
-7.000000 -287.000000
-6.000000 -246.000000
-5.000000 -205.000000
-4.000000 -164.000000
-3.000000 -123.000000
-2.000000 -82.000000
-1.000000 -41.000000
0.000000 0.000000
1.000000 41.000000
2.000000 82.000000
3.000000 123.000000
4.000000 164.000000
5.000000 205.000000
6.000000 246.000000
7.000000 287.000000
8.000000 328.000000
9.000000 369.000000
10.000000 410.000000
11.000000 451.000000
12.000000 492.000000
13.000000 533.000000
14.000000 574.000000
15.000000 615.000000
16.000000 656.000000
17.000000 697.000000
18.000000 738.000000
19.000000 779.000000
20.000000 820.000000
21.000000 861.000000
22.000000 902.000000
23.000000 943.000000
24.000000 984.000000
25.000000 1025.000000
26.000000 1066.000000
27.000000 1107.000000
28.000000 1148.000000
29.000000 1189.000000
30.000000 1230.000000
31.000000 1271.000000
32.000000 1312.000000
33.000000 1353.000000
34.000000 1394.000000
35.000000 1435.000000
36.000000 1476.000000
37.000000 1517.000000
38.000000 1558.000000
39.000000 1599.000000
40.000000 1640.000000
41.000000 1681.000000
42.000000 1722.000000
43.000000 1763.000000
44.000000 1804.000000
45.000000 1845.000000
46.000000 1886.000000
47.000000 1927.000000
48.000000 1968.000000
49.000000 2009.000000

-50.000000 -2550.000000
-49.000000 -2499.000000
-48.000000 -2448.000000
-47.000000 -2397.000000
-46.000000 -2346.000000
-45.000000 -2295.000000
-44.000000 -2244.000000
-43.000000 -2193.000000
-42.000000 -2142.000000
-41.000000 -2091.000000
-40.000000 -2040.000000
-39.000000 -1989.000000
-38.000000 -1938.000000
-37.000000 -1887.000000
-36.000000 -1836.000000
-35.000000 -1785.000000
-34.000000 -1734.000000
-33.000000 -1683.000000
-32.000000 -1632.000000
-31.000000 -1581.000000
-30.000000 -1530.000000
-29.000000 -1479.000000
-28.000000 -1428.000000
-27.000000 -1377.000000
-26.000000 -1326.000000
-25.000000 -1275.000000
-24.000000 -1224.000000
-23.000000 -1173.000000
-22.000000 -1122.000000
-21.000000 -1071.000000
-20.000000 -1020.000000
-19.000000 -969.000000
-18.000000 -918.000000
-17.000000 -867.000000
-16.000000 -816.000000
-15.000000 -765.000000
-14.000000 -714.000000
-13.000000 -663.000000
-12.000000 -612.000000
-11.000000 -561.000000
-10.000000 -510.000000
-9.000000 -459.000000
-8.000000 -408.000000
-7.000000 -357.000000
-6.000000 -306.000000
-5.000000 -255.000000
-4.000000 -204.000000
-3.000000 -153.000000
-2.000000 -102.000000
-1.000000 -51.000000
0.000000 0.000000
1.000000 51.000000
2.000000 102.000000
3.000000 153.000000
4.000000 204.000000
5.000000 255.000000
6.000000 306.000000
7.000000 357.000000
8.000000 408.000000
9.000000 459.000000
10.000000 510.000000
11.000000 561.000000
12.000000 612.000000
13.000000 663.000000
14.000000 714.000000
15.000000 765.000000
16.000000 816.000000
17.000000 867.000000
18.000000 918.000000
19.000000 969.000000
20.000000 1020.000000
21.000000 1071.000000
22.000000 1122.000000
23.000000 1173.000000
24.000000 1224.000000
25.000000 1275.000000
26.000000 1326.000000
27.000000 1377.000000
28.000000 1428.000000
29.000000 1479.000000
30.000000 1530.000000
31.000000 1581.000000
32.000000 1632.000000
33.000000 1683.000000
34.000000 1734.000000
35.000000 1785.000000
36.000000 1836.000000
37.000000 1887.000000
38.000000 1938.000000
39.000000 1989.000000
40.000000 2040.000000
41.000000 2091.000000
42.000000 2142.000000
43.000000 2193.000000
44.000000 2244.000000
45.000000 2295.000000
46.000000 2346.000000
47.000000 2397.000000
48.000000 2448.000000
49.000000 2499.000000

-50.000000 -3050.000000
-49.000000 -2989.000000
-48.000000 -2928.000000
-47.000000 -2867.000000
-46.000000 -2806.000000
-45.000000 -2745.000000
-44.000000 -2684.000000
-43.000000 -2623.000000
-42.000000 -2562.000000
-41.000000 -2501.000000
-40.000000 -2440.000000
-39.000000 -2379.000000
-38.000000 -2318.000000
-37.000000 -2257.000000
-36.000000 -2196.000000
-35.000000 -2135.000000
-34.000000 -2074.000000
-33.000000 -2013.000000
-32.000000 -1952.000000
-31.000000 -1891.000000
-30.000000 -1830.000000
-29.000000 -1769.000000
-28.000000 -1708.000000
-27.000000 -1647.000000
-26.000000 -1586.000000
-25.000000 -1525.000000
-24.000000 -1464.000000
-23.000000 -1403.000000
-22.000000 -1342.000000
-21.000000 -1281.000000
-20.000000 -1220.000000
-19.000000 -1159.000000
-18.000000 -1098.000000
-17.000000 -1037.000000
-16.000000 -976.000000
-15.000000 -915.000000
-14.000000 -854.000000
-13.000000 -793.000000
-12.000000 -732.000000
-11.000000 -671.000000
-10.000000 -610.000000
-9.000000 -549.000000
-8.000000 -488.000000
-7.000000 -427.000000
-6.000000 -366.000000
-5.000000 -305.000000
-4.000000 -244.000000
-3.000000 -183.000000
-2.000000 -122.000000
-1.000000 -61.000000
0.000000 0.000000
1.000000 61.000000
2.000000 122.000000
3.000000 183.000000
4.000000 244.000000
5.000000 305.000000
6.000000 366.000000
7.000000 427.000000
8.000000 488.000000
9.000000 549.000000
10.000000 610.000000
11.000000 671.000000
12.000000 732.000000
13.000000 793.000000
14.000000 854.000000
15.000000 915.000000
16.000000 976.000000
17.000000 1037.000000
18.000000 1098.000000
19.000000 1159.000000
20.000000 1220.000000
21.000000 1281.000000
22.000000 1342.000000
23.000000 1403.000000
24.000000 1464.000000
25.000000 1525.000000
26.000000 1586.000000
27.000000 1647.000000
28.000000 1708.000000
29.000000 1769.000000
30.000000 1830.000000
31.000000 1891.000000
32.000000 1952.000000
33.000000 2013.000000
34.000000 2074.000000
35.000000 2135.000000
36.000000 2196.000000
37.000000 2257.000000
38.000000 2318.000000
39.000000 2379.000000
40.000000 2440.000000
41.000000 2501.000000
42.000000 2562.000000
43.000000 2623.000000
44.000000 2684.000000
45.000000 2745.000000
46.000000 2806.000000
47.000000 2867.000000
48.000000 2928.000000
49.000000 2989.000000

-50.000000 -3550.000000
-49.000000 -3479.000000
-48.000000 -3408.000000
-47.000000 -3337.000000
-46.000000 -3266.000000
-45.000000 -3195.000000
-44.000000 -3124.000000
-43.000000 -3053.000000
-42.000000 -2982.000000
-41.000000 -2911.000000
-40.000000 -2840.000000
-39.000000 -2769.000000
-38.000000 -2698.000000
-37.000000 -2627.000000
-36.000000 -2556.000000
-35.000000 -2485.000000
-34.000000 -2414.000000
-33.000000 -2343.000000
-32.000000 -2272.000000
-31.000000 -2201.000000
-30.000000 -2130.000000
-29.000000 -2059.000000
-28.000000 -1988.000000
-27.000000 -1917.000000
-26.000000 -1846.000000
-25.000000 -1775.000000
-24.000000 -1704.000000
-23.000000 -1633.000000
-22.000000 -1562.000000
-21.000000 -1491.000000
-20.000000 -1420.000000
-19.000000 -1349.000000
-18.000000 -1278.000000
-17.000000 -1207.000000
-16.000000 -1136.000000
-15.000000 -1065.000000
-14.000000 -994.000000
-13.000000 -923.000000
-12.000000 -852.000000
-11.000000 -781.000000
-10.000000 -710.000000
-9.000000 -639.000000
-8.000000 -568.000000
-7.000000 -497.000000
-6.000000 -426.000000
-5.000000 -355.000000
-4.000000 -284.000000
-3.000000 -213.000000
-2.000000 -142.000000
-1.000000 -71.000000
0.000000 0.000000
1.000000 71.000000
2.000000 142.000000
3.000000 213.000000
4.000000 284.000000
5.000000 355.000000
6.000000 426.000000
7.000000 497.000000
8.000000 568.000000
9.000000 639.000000
10.000000 710.000000
11.000000 781.000000
12.000000 852.000000
13.000000 923.000000
14.000000 994.000000
15.000000 1065.000000
16.000000 1136.000000
17.000000 1207.000000
18.000000 1278.000000
19.000000 1349.000000
20.000000 1420.000000
21.000000 1491.000000
22.000000 1562.000000
23.000000 1633.000000
24.000000 1704.000000
25.000000 1775.000000
26.000000 1846.000000
27.000000 1917.000000
28.000000 1988.000000
29.000000 2059.000000
30.000000 2130.000000
31.000000 2201.000000
32.000000 2272.000000
33.000000 2343.000000
34.000000 2414.000000
35.000000 2485.000000
36.000000 2556.000000
37.000000 2627.000000
38.000000 2698.000000
39.000000 2769.000000
40.000000 2840.000000
41.000000 2911.000000
42.000000 2982.000000
43.000000 3053.000000
44.000000 3124.000000
45.000000 3195.000000
46.000000 3266.000000
47.000000 3337.000000
48.000000 3408.000000
49.000000 3479.000000

-50.000000 -4050.000000
-49.000000 -3969.000000
-48.000000 -3888.000000
-47.000000 -3807.000000
-46.000000 -3726.000000
-45.000000 -3645.000000
-44.000000 -3564.000000
-43.000000 -3483.000000
-42.000000 -3402.000000
-41.000000 -3321.000000
-40.000000 -3240.000000
-39.000000 -3159.000000
-38.000000 -3078.000000
-37.000000 -2997.000000
-36.000000 -2916.000000
-35.000000 -2835.000000
-34.000000 -2754.000000
-33.000000 -2673.000000
-32.000000 -2592.000000
-31.000000 -2511.000000
-30.000000 -2430.000000
-29.000000 -2349.000000
-28.000000 -2268.000000
-27.000000 -2187.000000
-26.000000 -2106.000000
-25.000000 -2025.000000
-24.000000 -1944.000000
-23.000000 -1863.000000
-22.000000 -1782.000000
-21.000000 -1701.000000
-20.000000 -1620.000000
-19.000000 -1539.000000
-18.000000 -1458.000000
-17.000000 -1377.000000
-16.000000 -1296.000000
-15.000000 -1215.000000
-14.000000 -1134.000000
-13.000000 -1053.000000
-12.000000 -972.000000
-11.000000 -891.000000
-10.000000 -810.000000
-9.000000 -729.000000
-8.000000 -648.000000
-7.000000 -567.000000
-6.000000 -486.000000
-5.000000 -405.000000
-4.000000 -324.000000
-3.000000 -243.000000
-2.000000 -162.000000
-1.000000 -81.000000
0.000000 0.000000
1.000000 81.000000
2.000000 162.000000
3.000000 243.000000
4.000000 324.000000
5.000000 405.000000
6.000000 486.000000
7.000000 567.000000
8.000000 648.000000
9.000000 729.000000
10.000000 810.000000
11.000000 891.000000
12.000000 972.000000
13.000000 1053.000000
14.000000 1134.000000
15.000000 1215.000000
16.000000 1296.000000
17.000000 1377.000000
18.000000 1458.000000
19.000000 1539.000000
20.000000 1620.000000
21.000000 1701.000000
22.000000 1782.000000
23.000000 1863.000000
24.000000 1944.000000
25.000000 2025.000000
26.000000 2106.000000
27.000000 2187.000000
28.000000 2268.000000
29.000000 2349.000000
30.000000 2430.000000
31.000000 2511.000000
32.000000 2592.000000
33.000000 2673.000000
34.000000 2754.000000
35.000000 2835.000000
36.000000 2916.000000
37.000000 2997.000000
38.000000 3078.000000
39.000000 3159.000000
40.000000 3240.000000
41.000000 3321.000000
42.000000 3402.000000
43.000000 3483.000000
44.000000 3564.000000
45.000000 3645.000000
46.000000 3726.000000
47.000000 3807.000000
48.000000 3888.000000
49.000000 3969.000000

